 1  8.5  66.3333  3  3  1.9  2.2  1.2  1.711  1.193  4.825  18  160  10  29  30  8  6  3  10  4  3  3  4  7.5  7.6667  7.6667  8  8  7.5  7.5  83.8333 
 1  8.2  58.3333  2.7  3.1  2  1.7  1.4  1.58  1.205  4.364  18  160  2  11  28  21  11  5  16  5  7  4  6  7.5  8  7.5  7.5  7.5  7.5  7.5  81 
 1  7.6  54.6667  2.9  2.6  2  2.3  3.6  1.787  1.537  4.143  20  160  7  20  27  17  7  3  15  6  6  3  4  7.5  7.5  7.5  8  7.5  7.5  7.5  83 
 1  9  93.3333  2.8  2.8  2  1.7  1.5  1.975  1.475  4.781  21  178  6  13  17  17  7  4  31  14  13  4  5  8  8  8  8  8  7.8333  8  85.8333 
 1  8.7778  80.5556  2.7778  2.6667  2  1.7778  1.4444  2.0567  1.5022  4.8878  17  144  4  16  28  17  7  4  21  10  8  3  3  8  8  7.6667  8  8  7.5  7.6667  84.8333 
 2  8.1  17.2194  2.9  3  2  1.5  2  2.587  1.321  5.332  9  76  7  24  28  19  5  3  13  6  5  2  1  7.8333  8  7.5  7.5  7.8333  7.6667  7.5  83.8333 
 2  8.2  19.6641  2.7  2.9  2  2.1  1.6  2.289  1.479  6.9  11  98  2  13  31  24  6  3  18  6  8  4  3  7.8333  8  7.5  8  8  7.5  7.6667  84.5 
 2  7.4  13.9243  2.7  2.9  2  2  1.7  2.3  1.465  5.145  12  102  0  2  10  32  26  10  14  2  7  5  6  8  8  8.1667  8  8.3333  8  8  86.5 
 2  7.4444  6.6138  2.6667  2.8889  2.1111  1.2222  3.3333  2.4  1.5244  5.6267  16  136  5  24  29  16  6  4  13  5  6  2  3  7.8333  8  7.5  8  7.6667  7.5  7.5  84 
 2  8.1  35.0765  2.9  2.8  2  1.9  2.9  2.32  1.485  5.257  12  100  4  11  21  22  13  4  20  6  10  4  5  7.8333  8.1667  8  8  7.8333  7.8333  7.8333  85.5 
 3  7.9  50  3  1.8  3.2  1.1  1.5  1.425  1.323  3.975  14  123  2  16  37  21  6  2  10  3  5  2  6  8  8  8  8  8  8  8  86 
 3  5.8  47.9167  3  3.3  3.1  2  5  1.318  1.167  3.157  14  120  5  23  33  21  5  2  9  2  4  3  2  7.8333  8  7.5  8  8  7.5  8  84.8333 
 3  7.1  65.2778  2.6  2.3  3.9  2.1  3.5  1.459  1.222  3.615  15  130  3  19  35  21  7  2  9  3  3  3  4  7.5  8  7.5  8  8  7.8333  7.5  84.3333 
 3  8.1  65.9722  3  2.2  2.9  1.6  3  1.219  1.062  3.655  24  204  11  25  25  14  2  4  14  4  7  3  5  7.5  7.5  7.5  8  8  7.5  7.5  83.5 
 3  8.1  47.2222  2.9  2.1  3.4  1  1.2  1.282  1.235  3.247  15  128  1  10  30  25  7  3  18  6  9  3  6  7.8333  8  7.5  8  7.5  7.5  7.5  83.8333 
 4  8.1  44.0278  3.1  2.5  2.7  1.5  1  1.304  1.151  3.432  11  94  8  23  30  18  4  3  10  3  5  2  4  7.1667  7  7  7.5  7  7.5  7.3333  80.5 
 4  8.4  63.8889  3  2.1  2.9  1.3  1.7  1.317  1.204  3.581  13  110  4  16  34  22  6  2  12  3  7  2  4  7.5  8  7.5  7.5  7.5  7.5  7.5  83 
 4  7.6  68.0556  3.9  3  3.5  2.8  4.1  1.539  1.33  3.582  15  130  12  28  28  10  3  3  10  3  5  2  6  7  7  7  7  7  7.1667  7  79.1667 
 4  6.88  64.5833  2  2  4  2.6  3.7  1.251  1.007  3.455  8  70  4  17  36  26  4  2  7  2  4  1  4  7.5  7.3333  7.5  7.5  7.3333  7.5  7.3333  82 
 4  8.4  69.4444  3.8  3  3.4  1.3  1.5  1.296  1.103  3.381  17  144  8  28  28  12  4  4  11  3  6  2  5  8  8  8  8  8  8  7.5  85.5 
