 1  7.5  18.1667  2.5  2.7  1.8  1.7  1.5  1.677  1.26  3.966  11  93  6  21  30  19  6  2  14  8  5  1  2  7.6667  7.8333  7.5  8  7.5  7.5  7.5  83.5 
 1  8.9  60  3.1  3.1  2  1.9  1.2  1.881  1.225  4.695  28  238  14  19  19  15  6  4  18  6  9  3  5  7.5  7.8333  7.6667  8  8  7.5  7.5  84 
 1  8.9  50.5  2.9  2.9  2  1.5  1  1.852  1.319  4.586  23  195  13  28  20  8  3  4  20  6  10  4  4  8  8  7.5  8  8  7.5  7.5  84.5 
 1  8.6  81.6667  2.9  3.1  2  2.2  3  1.78  1.193  4.12  30  255  20  22  17  9  6  4  17  6  9  2  5  8  8  7.5  8  7.8333  7.5  7.8333  84.6667 
 1  8.5  94.1667  2.9  2.6  2  2.2  3  1.815  1.3  3.814  30  240  23  17  15  7  3  4  25  9  12  4  6  7.5  7.6667  7.5  8  7.8333  7.5  7.5  83.5 
 2  7.7  27.6361  2.9  3.1  2  2.1  2  2.399  1.495  5.461  7  60  2  11  28  27  13  2  14  4  6  4  3  7.5  7.5  7.5  7.8333  7.5  7.5  7.5  82.8333 
 2  8  26.892  2.8  3  2.1  1.2  1.6  2.473  1.455  6.52  26  220  8  23  21  13  7  6  25  8  13  4  7  8  8  7.5  8  8  7.5  8  85 
 2  6.9  22.7466  3  3.1  2.2  2.1  2.6  2.21  1.34  4.589  12  110  4  14  31  25  10  4  9  4  4  1  3  7.8333  8  8  8  8.3333  8  8  86.1667 
 2  8.1  17.6446  3  3.2  2  1.3  2  2.33  1.308  5.569  12  100  0  2  21  37  18  2  16  6  6  4  4  7.8333  7.8333  7.5  7.8333  7.6667  7.6667  7.8333  84.1667 
 2  7.8  16.4753  2.9  3.3  2  2.4  2  2.221  1.273  5.746  23  200  7  18  30  18  6  3  12  5  5  2  6  7.5  7.6667  7.5  8  7.5  7.3333  7.5  83 
 3  8.3  53.4722  3  2.3  3  1.8  1.3  1.453  1.26  3.54  13  120  0  9  28  32  10  6  10  2  5  3  5  7.8333  8  8  8  8  7.8333  8  85.6667 
 3  8.4  63.8889  3  2.1  2.9  1.3  1.7  1.317  1.204  3.581  15  130  2  15  38  18  6  3  15  4  9  2  3  7.5  7.6667  7.5  7.5  7.3333  7.5  7.5  82.5 
 3  7.6  68.0556  3.9  3  3.5  2.8  4.1  1.539  1.33  3.582  17  144  12  28  28  12  3  4  10  3  6  1  3  7.8333  7.8333  8  8  8.1667  8  8  85.8333 
 3  8.1  47.2222  2.9  2.1  3.4  1  1.2  1.282  1.235  3.247  15  128  1  10  30  25  7  3  18  6  9  3  6  7.8333  8  7.5  8  7.5  7.5  7.5  83.8333 
 3  8.8  55.5556  3.8  3  3.3  1.1  1.1  1.399  1.177  3.404  16  140  10  27  31  13  6  3  7  2  2  3  3  8  8.1667  8.3333  8  8.1667  8  8  86.6667 
 4  8  60.4167  3  2  2.9  1.1  1  1.248  1.118  3.664  12  100  2  6  23  29  14  7  12  4  6  2  7  8  8  7.5  8  8  7.5  7.8333  84.8333 
 4  8.7  43.0556  3.2  2.6  3  1  1.1  1.362  1.244  3.344  10  86  1  7  29  28  13  6  11  3  5  3  5  7.5  7.6667  7.5  7.8333  7.6667  7.5  7.5  83.1667 
 4  8.5  59.7222  3.2  2.5  2.9  1.1  1  1.135  1.07  3.335  8  70  1  7  28  38  10  4  7  4  4  1  5  8  8  7.5  7.5  8  7.5  7.5  84 
 4  8.3  66.6667  3  2.4  2.9  1.8  2.7  1.317  1.208  3.353  11  94  2  13  32  23  9  3  9  3  6  0  7  7.5  7.5  7.5  7.8333  7.6667  7.5  7.5  83 
 4  8.1  65.9722  3  2.2  2.9  1.6  3  1.219  1.062  3.655  9  80  2  7  29  27  8  3  18  7  8  3  6  7.8333  7.8333  7.5  7.6667  7.8333  7.5  7.5  83.6667 
