 1  7.5  18.1667  2.5  2.7  1.8  1.7  1.5  1.677  1.26  3.966  11  93  6  21  30  19  6  2  14  8  5  1  2  7.6667  7.8333  7.5  8  7.5  7.5  7.5  83.5 
 1  8.5  66.3333  3  3  1.9  2.2  1.2  1.711  1.193  4.825  18  160  10  29  30  8  6  3  10  4  3  3  4  7.5  7.6667  7.6667  8  8  7.5  7.5  83.8333 
 1  7.6  54.6667  2.9  2.6  2  2.3  3.6  1.787  1.537  4.143  20  160  7  20  27  17  7  3  15  6  6  3  4  7.5  7.5  7.5  8  7.5  7.5  7.5  83 
 1  8.5  94.1667  2.9  2.6  2  2.2  3  1.815  1.3  3.814  30  240  23  17  15  7  3  4  25  9  12  4  6  7.5  7.6667  7.5  8  7.8333  7.5  7.5  83.5 
 1  8.3  62.5  2.8  2.5  2  1.7  1.2  1.777  1.286  4.318  22  187  10  14  23  17  9  4  19  7  9  3  4  7.8333  8.1667  7.6667  8  8  8  8  85.6667 
 2  7  24.4473  2.6  3.5  2.5  2  2.8  2.085  1.309  5.56  16  140  8  22  28  19  5  2  12  5  4  3  4  7.6667  8  7.5  8  8  7.8333  8  85 
 2  8.1  17.6446  3  3.2  2  1.3  2  2.33  1.308  5.569  12  100  0  2  21  37  18  2  16  6  6  4  4  7.8333  7.8333  7.5  7.8333  7.6667  7.6667  7.8333  84.1667 
 2  8.1  35.0765  2.9  2.8  2  1.9  2.9  2.32  1.485  5.257  12  100  4  11  21  22  13  4  20  6  10  4  5  7.8333  8.1667  8  8  7.8333  7.8333  7.8333  85.5 
 2  8  22.9592  2.53  3.2  2.2  2.1  1.8  2.56  1.514  7.24  14  120  4  11  27  23  9  2  19  8  8  3  5  7.5  7.8333  7.5  8  7.6667  7.5  7.5  83.5 
 2  8.3  16.1565  2.5  3.1  2  2  2.3  2.55  1.397  6.708  17  150  7  14  27  22  9  3  13  4  6  3  5  8  8  8.1667  8  8.1667  8  8  86.3333 
 3  8.3  53.4722  3  2.3  3  1.8  1.3  1.453  1.26  3.54  13  120  0  9  28  32  10  6  10  2  5  3  5  7.8333  8  8  8  8  7.8333  8  85.6667 
 3  8.4  63.8889  3  2.1  2.9  1.3  1.7  1.317  1.204  3.581  15  130  2  15  38  18  6  3  15  4  9  2  3  7.5  7.6667  7.5  7.5  7.3333  7.5  7.5  82.5 
 3  5.8  47.9167  3  3.3  3.1  2  5  1.318  1.167  3.157  14  120  5  23  33  21  5  2  9  2  4  3  2  7.8333  8  7.5  8  8  7.5  8  84.8333 
 3  6.88  64.5833  2  2  4  2.6  3.7  1.251  1.007  3.455  10  86  2  12  36  28  7  2  10  3  5  2  3  7.5  7.6667  7.5  7.5  8  7.5  7.5  83.1667 
 3  7.6  46.5278  3.1  2.2  3.3  1  1  1.313  1.209  3.933  11  93  2  26  34  23  6  3  4  2  2  0  2  7.5  7.5  7.5  7.6667  7.5  7.5  7.5  82.6667 
 4  8.4  34.0278  3.2  2.8  3  1  1.2  1.187  1.188  3.5  7  60  8  29  29  15  5  2  9  3  4  2  3  7.5  7.3333  7.5  7.5  7  7.5  7.5  81.8333 
 4  8.1  44.0278  3.1  2.5  2.7  1.5  1  1.304  1.151  3.432  11  94  8  23  30  18  4  3  10  3  5  2  4  7.1667  7  7  7.5  7  7.5  7.3333  80.5 
 4  7.9  50  3  1.8  3.2  1.1  1.5  1.425  1.323  3.975  7  60  2  13  40  23  4  2  12  5  6  1  4  7.8333  7.8333  7.5  7.8333  7.6667  7.5  7.5  83.6667 
 4  7.6  68.0556  3.9  3  3.5  2.8  4.1  1.539  1.33  3.582  15  130  12  28  28  10  3  3  10  3  5  2  6  7  7  7  7  7  7.1667  7  79.1667 
 4  8.1  65.9722  3  2.2  2.9  1.6  3  1.219  1.062  3.655  9  80  2  7  29  27  8  3  18  7  8  3  6  7.8333  7.8333  7.5  7.6667  7.8333  7.5  7.5  83.6667 
