 1  8.5  66.3333  3  3  1.9  2.2  1.2  1.711  1.193  4.825  18  160  10  29  30  8  6  3  10  4  3  3  4  7.5  7.6667  7.6667  8  8  7.5  7.5  83.8333 
 1  8.2  58.3333  2.7  3.1  2  1.7  1.4  1.58  1.205  4.364  18  160  2  11  28  21  11  5  16  5  7  4  6  7.5  8  7.5  7.5  7.5  7.5  7.5  81 
 1  8.4  96.6667  2.8  2.9  2.1  2.1  1.4  1.905  1.469  4.54  14  120  0  3  18  35  14  6  18  6  9  3  6  7.5  7.1667  7.1667  7.5  7.1667  6.8333  7  80.3333 
 1  9  55  3  3.4  2  1.7  1  1.967  1.33  4.624  21  178  2  6  23  27  13  4  20  6  10  4  5  8  8.1667  7.6667  8  8  7.8333  7.8333  85.5 
 1  8.8  32.3333  2.6  2.9  2  1.9  2.1  1.672  1.377  4.1  16  136  4  17  25  17  10  5  17  5  9  3  5  7.5  7.6667  7.5  8  7.6667  7.5  7.5  83.3333 
 1  7.6  54.6667  2.9  2.6  2  2.3  3.6  1.787  1.537  4.143  20  160  7  20  27  17  7  3  15  6  6  3  4  7.5  7.5  7.5  8  7.5  7.5  7.5  83 
 1  9  84.1667  3.2  3.3  2  2  2.6  2.109  1.225  4.498  46  450  30  14  6  7  5  5  27  11  13  3  6  8.3333  8.5  8  8  8.5  8  8  87.3333 
 1  8.5  77.5  3.2  2.9  2  1.8  1.8  1.718  1.286  4.2  20  160  9  26  32  11  3  2  14  5  7  2  3  8  8  7.5  8  8  7.5  7.6667  84.6667 
 1  8.7  69.1667  3  2.8  2.1  1.8  1.7  1.798  1.265  4.415  16  136  4  8  16  24  17  6  22  9  9  4  3  7.8333  8  7.5  8  8  7.5  7.5  84.3333 
 1  8.6667  52.7778  3  2.7778  2  1.7778  3  1.7322  1.36  4.0611  22  187  2  11  30  29  7  4  11  4  3  4  6  8  8  7.5  8  8  7.5  7.8333  84.8333 
 1  8.1111  65.7407  3.3333  2.8889  2  1.8889  1  1.7111  1.1111  4.4789  18  160  4  12  28  26  8  5  13  4  6  3  4  8  8  7.5  8  8  7.5  7.6667  84.6667 
 1  9  93.3333  2.8  2.8  2  1.7  1.5  1.975  1.475  4.781  21  178  6  13  17  17  7  4  31  14  13  4  5  8  8  8  8  8  7.8333  8  85.8333 
 1  8.3  62.5  2.8  2.5  2  1.7  1.2  1.777  1.286  4.318  22  187  10  14  23  17  9  4  19  7  9  3  4  7.8333  8.1667  7.6667  8  8  8  8  85.6667 
 1  8.7778  80.5556  2.7778  2.6667  2  1.7778  1.4444  2.0567  1.5022  4.8878  17  144  4  16  28  17  7  4  21  10  8  3  3  8  8  7.6667  8  8  7.5  7.6667  84.8333 
 1  8.7  60  3.1  2.9  2  2  1  1.93  1.353  4.544  18  160  5  14  23  21  9  4  21  10  9  2  3  7.5  7.5  7.5  7.8333  8  7.5  7.5  83.3333 
 1  8.7  86.6667  2.6  2.3  2  2.1  1.3  1.806  1.345  4.267  26  220  8  20  27  14  8  5  15  7  6  2  3  8  8  7.5  8  7.8333  7.8333  7.5  84.6667 
 1  8.8  72.5  3.2  2.4  2  2.1  1.8  2.051  1.345  4.392  29  240  10  27  23  10  5  4  17  7  7  3  4  7.6667  8  7.5  8  7.8333  7.8333  7.8333  84.6667 
 2  8.1  17.2194  2.9  3  2  1.5  2  2.587  1.321  5.332  9  76  7  24  28  19  5  3  13  6  5  2  1  7.8333  8  7.5  7.5  7.8333  7.6667  7.5  83.8333 
 2  8.3  29.2304  2.8  3.1  2  2.4  2  2.341  1.481  5.918  25  212  13  16  22  13  3  3  24  10  10  4  6  7.5  7.5  7.5  8  7.5  7.5  7.5  83 
 2  8.2  19.6641  2.7  2.9  2  2.1  1.6  2.289  1.479  6.9  11  98  2  13  31  24  6  3  18  6  8  4  3  7.8333  8  7.5  8  8  7.5  7.6667  84.5 
 2  7.4  13.9243  2.7  2.9  2  2  1.7  2.3  1.465  5.145  12  102  0  2  10  32  26  10  14  2  7  5  6  8  8  8.1667  8  8.3333  8  8  86.5 
 2  7.6  17.6446  3.1  3.5  2.2  1.8  2.5  2.37  1.629  5.69  17  148  2  15  30  23  7  3  15  5  7  3  5  8  8.1667  7.8333  8  8  7.6667  8  85.6667 
 2  8.2  30.8248  3  2.8  2  1  1  2.645  1.302  5.626  8  70  0  5  20  37  15  5  15  3  9  3  3  8  8.1667  8  8  8.1667  8  7.8333  86.1667 
 2  7.4444  6.6138  2.6667  2.8889  2.1111  1.2222  3.3333  2.4  1.5244  5.6267  16  136  5  24  29  16  6  4  13  5  6  2  3  7.8333  8  7.5  8  7.6667  7.5  7.5  84 
 2  8.1  7.3342  2.9  3  2  2.1  3.1  2.308  1.4  4.809  17  150  10  22  29  14  4  2  14  5  6  3  5  7.8333  8  7.5  8  7.5  7.5  7.5  83.8333 
 2  8.1  23.3844  2.9  2.9  2.1  2.1  2.2  2.362  1.319  5.443  15  130  13  31  25  9  4  3  12  4  6  2  3  8  8.5  8  8  8.1667  8  8  86.6667 
 2  7.7  16.1565  2.4  2.3  2  1.5  3  2.705  1.5  5.449  19  160  18  26  22  8  6  4  11  4  6  1  5  8.1667  8.3333  8.1667  8  8.3333  8  8  87 
 2  7  24.4473  2.6  3.5  2.5  2  2.8  2.085  1.309  5.56  16  140  8  22  28  19  5  2  12  5  4  3  4  7.6667  8  7.5  8  8  7.8333  8  85 
 2  7.5  29.2304  3.2  3.5  2.1  1.9  2  2.27  1.55  5.6  9  78  0  3  19  29  25  7  15  6  7  2  2  7.8333  8  7.6667  8  8  8  7.8333  85.3333 
 2  7.7  25.6165  2.8  2.7  2  2.1  2  2.189  1.396  4.436  9  77  1  4  23  26  13  4  26  7  15  4  3  7.8333  8.3333  8.1667  8  8  8  8  86.3333 
 2  8.1  35.0765  2.9  2.8  2  1.9  2.9  2.32  1.485  5.257  12  100  4  11  21  22  13  4  20  6  10  4  5  7.8333  8.1667  8  8  7.8333  7.8333  7.8333  85.5 
 2  8  22.9592  2.53  3.2  2.2  2.1  1.8  2.56  1.514  7.24  14  120  4  11  27  23  9  2  19  8  8  3  5  7.5  7.8333  7.5  8  7.6667  7.5  7.5  83.5 
 2  8.4  29.2304  3  3.2  2  1.5  2  2.635  1.54  5.76  10  86  3  13  35  22  7  1  16  8  5  3  3  7  7  7  7  6.8333  7  6.8333  78.6667 
 2  8.3  16.1565  2.5  3.1  2  2  2.3  2.55  1.397  6.708  17  150  7  14  27  22  9  3  13  4  6  3  5  8  8  8.1667  8  8.1667  8  8  86.3333 
 3  8.4  34.0278  3.2  2.8  3  1  1.2  1.187  1.188  3.5  12  102  4  19  34  18  5  3  11  3  4  4  6  7.5  7.5  7  7.5  7.5  7.5  7.3333  81.8333 
 3  8.1  44.0278  3.1  2.5  2.7  1.5  1  1.304  1.151  3.432  12  102  6  23  37  16  5  2  8  2  4  2  3  7.5  7.5  7.5  8  7.5  7.5  7.5  83 
 3  8  60.4167  3  2  2.9  1.1  1  1.248  1.118  3.664  13  110  2  4  20  30  16  7  15  4  8  3  6  8  8  8  8  8  8  7.5  85.5 
 3  8.7  43.0556  3.2  2.6  3  1  1.1  1.362  1.244  3.344  12  106  1  6  26  32  13  6  12  3  6  3  4  8  8  7.5  8  8  8  8  85.5 
 3  8.5  59.7222  3.2  2.5  2.9  1.1  1  1.135  1.07  3.335  11  96  0  3  22  41  16  5  9  2  4  3  4  8  8  7.5  7.8333  7.5  8  7.8333  84.6667 
 3  7.9  50  3  1.8  3.2  1.1  1.5  1.425  1.323  3.975  14  123  2  16  37  21  6  2  10  3  5  2  6  8  8  8  8  8  8  8  86 
 3  5.8  47.9167  3  3.3  3.1  2  5  1.318  1.167  3.157  14  120  5  23  33  21  5  2  9  2  4  3  2  7.8333  8  7.5  8  8  7.5  8  84.8333 
 3  6.1  64.5833  3.4  3.3  3  3  4.6  1.187  1.049  3.445  11  92  1  12  32  24  9  4  14  5  7  2  4  7.8333  8  7.5  7.8333  8  7.5  7.5  84.1667 
 3  7.2  74.3056  3.7  3  3.4  2.1  4.1  1.422  1.179  3.725  20  160  12  27  25  15  4  4  11  2  7  2  2  7.8333  8  8  8  8  8  8  85.8333 
 3  7.1  65.2778  2.6  2.3  3.9  2.1  3.5  1.459  1.222  3.615  15  130  3  19  35  21  7  2  9  3  3  3  4  7.5  8  7.5  8  8  7.8333  7.5  84.3333 
 3  6.88  64.5833  2  2  4  2.6  3.7  1.251  1.007  3.455  10  86  2  12  36  28  7  2  10  3  5  2  3  7.5  7.6667  7.5  7.5  8  7.5  7.5  83.1667 
 3  7.9  61.8056  3.9  3.1  3.3  1.8  1.2  1.312  1.175  3.402  9  78  0  6  25  33  15  4  13  6  5  2  4  7.8333  8  7.5  8  8  7.5  8  84.8333 
 3  8.1  63.1944  3.6  3  3  1.1  1.2  1.271  1.131  3.905  11  96  2  15  30  26  9  3  12  4  5  3  3  7.6667  8  8  8  8  7.8333  7.8333  85.3333 
 3  8.3  66.6667  3  2.4  2.9  1.8  2.7  1.317  1.208  3.353  12  110  2  14  34  25  6  2  11  5  4  2  6  7.8333  8  7.5  8  8  7.5  8  84.8333 
 3  8.1  65.9722  3  2.2  2.9  1.6  3  1.219  1.062  3.655  24  204  11  25  25  14  2  4  14  4  7  3  5  7.5  7.5  7.5  8  8  7.5  7.5  83.5 
 3  7.6  46.5278  3.1  2.2  3.3  1  1  1.313  1.209  3.933  11  93  2  26  34  23  6  3  4  2  2  0  2  7.5  7.5  7.5  7.6667  7.5  7.5  7.5  82.6667 
 3  8.4  69.4444  3.8  3  3.4  1.3  1.5  1.296  1.103  3.381  17  146  8  29  28  12  4  4  11  4  5  2  4  8.1667  8.3333  8  8  8.5  8  8  87 
 4  8.4  34.0278  3.2  2.8  3  1  1.2  1.187  1.188  3.5  7  60  8  29  29  15  5  2  9  3  4  2  3  7.5  7.3333  7.5  7.5  7  7.5  7.5  81.8333 
 4  8.1  44.0278  3.1  2.5  2.7  1.5  1  1.304  1.151  3.432  11  94  8  23  30  18  4  3  10  3  5  2  4  7.1667  7  7  7.5  7  7.5  7.3333  80.5 
 4  8.3  53.4722  3  2.3  3  1.8  1.3  1.453  1.26  3.54  8  70  1  11  27  29  13  4  11  3  6  2  4  8  8  7.5  8  7.6667  7.5  7.5  84.1667 
 4  7.9  50  3  1.8  3.2  1.1  1.5  1.425  1.323  3.975  7  60  2  13  40  23  4  2  12  5  6  1  4  7.8333  7.8333  7.5  7.8333  7.6667  7.5  7.5  83.6667 
 4  8.4  63.8889  3  2.1  2.9  1.3  1.7  1.317  1.204  3.581  13  110  4  16  34  22  6  2  12  3  7  2  4  7.5  8  7.5  7.5  7.5  7.5  7.5  83 
 4  5.8  47.9167  3  3.3  3.1  2  5  1.318  1.167  3.157  10  86  8  24  33  18  4  3  7  3  3  1  3  7  7  7  7  7  7.1667  7  79.1667 
 4  6.1  64.5833  3.4  3.3  3  3  4.6  1.187  1.049  3.445  18  160  14  26  24  12  4  3  12  3  7  2  5  7.3333  7.5  7.5  7.5  7.3333  7.5  7.5  82.1667 
 4  7.6  68.0556  3.9  3  3.5  2.8  4.1  1.539  1.33  3.582  15  130  12  28  28  10  3  3  10  3  5  2  6  7  7  7  7  7  7.1667  7  79.1667 
 4  7.2  74.3056  3.7  3  3.4  2.1  4.1  1.422  1.179  3.725  17  144  12  25  28  11  3  5  10  3  5  2  6  7  7  7  7.5  6.8333  7.5  6.8333  79.6667 
 4  7.1  65.2778  2.6  2.3  3.9  2.1  3.5  1.459  1.222  3.615  10  86  6  18  35  21  5  3  9  3  4  2  3  7.1667  7.3333  7.3333  7.5  7.1667  7.5  7.1667  81.1667 
 4  6.88  64.5833  2  2  4  2.6  3.7  1.251  1.007  3.455  8  70  4  17  36  26  4  2  7  2  4  1  4  7.5  7.3333  7.5  7.5  7.3333  7.5  7.3333  82 
 4  7.9  61.8056  3.9  3.1  3.3  1.8  1.2  1.312  1.175  3.402  9  78  1  8  28  32  13  4  10  3  5  2  4  7.3333  7.5  7.1667  7.5  7.5  7.5  7.5  82 
 4  8.1  63.1944  3.6  3  3  1.1  1.2  1.271  1.131  3.905  11  94  4  12  31  24  12  4  8  2  5  1  5  7.5  7.6667  7.5  7.5  7.6667  7.3333  7.5  82.6667 
 4  8.1  47.2222  2.9  2.1  3.4  1  1.2  1.282  1.235  3.247  13  110  2  13  25  22  12  5  14  3  8  3  7  7.5  7.1667  7.3333  7.5  7.1667  7.3333  7.5  81.5 
 4  7.6  46.5278  3.1  2.2  3.3  1  1  1.313  1.209  3.933  11  93  1  15  30  25  9  3  13  4  8  1  4  7.8333  8  7.6667  7.6667  8  7.5  7.5  84.1667 
 4  8.8  55.5556  3.8  3  3.3  1.1  1.1  1.399  1.177  3.404  18  160  12  23  31  11  3  3  12  3  7  2  5  7.1667  6.8333  7  7  6.6667  7  7  78.6667 
 4  8.4  69.4444  3.8  3  3.4  1.3  1.5  1.296  1.103  3.381  17  144  8  28  28  12  4  4  11  3  6  2  5  8  8  8  8  8  8  7.5  85.5 
